"","Easements","LotArea","BldgArea","ComArea","ResArea","OfficeArea","RetailArea","GarageArea","StrgeArea","FactryArea","OtherArea","NumBldgs","NumFloors","UnitsRes","UnitsTotal","LotFront","LotDepth","BldgFront","BldgDepth","AssessLand","AssessTot","ExemptLand","ExemptTot","YearBuilt","YearAlter1","YearAlter2","BuiltFAR","ResidFAR","CommFAR","FacilFAR","CondoNo","XCoord","YCoord"
"Easements",1,0.95082716585561,0.912508047318288,0.876256591280111,0.967052689135922,0.951367402119437,0.95377737649248,0.959568642192735,0.965033807020845,0.975927885308694,0.960288181983158,0.922623678375577,0.961474711016945,0.968077357019723,0.973398542709495,0.922773425551901,0.898948076850075,0.89257466426297,0.94333967504183,0.964682304348531,0.950117267675868,0.974198034980515,0.947212648738309,0.919924674352862,0.897409566059469,0.951862926010334,0.936065001257023,0.84499706307544,0.989829564956335,0.984313842661902,1,0.910377922443271,0.921377599808977
"LotArea",0.95082716585561,1,0.937090653249315,0.949600022184086,1,0.944021248889826,0.951504939504139,0.963949403746355,0.952604044406535,0.96288780469663,0.935746270987843,0.923511254859192,0.966729869596452,1,0.961845501222718,0.918519992446934,0.900097840592979,0.888739875955142,0.968914110842571,0.919708513529739,0.953833422551664,0.91653067462284,0.947330062272329,0.931728036822534,0.949501391016669,0.973091573841938,1,0.938493464362261,0.959460225484496,0.94433617100166,1,0.910855783560056,0.917141418799329
"BldgArea",0.912508047318288,0.937090653249315,1,0.869740796393689,0.857504831669278,0.889705441374899,0.934147373626178,0.940187715417718,0.875195879173032,0.928595034471989,0.947107139801993,0.874405325367424,0.905520914496295,0.89242303563335,0.919545210704949,0.907558049976692,0.910675584054909,0.878663182624798,0.850966802696593,0.886433689028923,0.87535711451968,0.957558443020205,0.940448154767731,0.771194815955731,0.855870967099986,0.89461545205185,0.771806734338445,0.889592022951273,0.939877665348078,0.901007739904923,0.741672993471541,0.862622817834939,0.849417624152732
"ComArea",0.876256591280111,0.949600022184086,0.869740796393689,1,0.971497418490066,0.893899185316719,0.908329366840709,0.892193608132275,0.850269718617874,0.900467703607293,1,0.954211391222647,0.858307000966318,0.967925552046209,0.920895402251658,0.923674532932732,0.907519218321781,0.91709549698617,0.914675434308079,0.857376022042488,0.909624580455089,0.896816997345152,0.894258423209957,0.878652718082249,0.876554648052052,0.90577258922419,0.89182518259749,0.91277136074378,0.937820335639313,0.923559678756824,0.977927931784717,0.865984154473921,0.86436580543569
"ResArea",0.967052689135922,1,0.857504831669278,0.971497418490066,1,1,0.994265972531713,0.994226628972472,1,1,0.991846261648763,0.866125458151246,0.886789726227936,0.967387068942371,0.894635664839216,0.863779893169915,0.867324287672495,0.933902293188668,0.946063406575868,1,0.868631851682476,0.993658573433075,0.97284680721322,0.877387946711566,0.833822677373073,0.909149169921875,0.839678702516943,0.922612119448165,0.921258785977655,0.93850247576463,0.758960073553425,0.855742319075053,0.842409348436307
"OfficeArea",0.951367402119437,0.944021248889826,0.889705441374899,0.893899185316719,1,1,0.990781266765173,0.976556780116131,0.978930300867441,1,0.985638846991062,0.981901960828539,0.918176529410782,0.988492757743511,1,0.923261118515467,0.867746255721119,0.87497375320678,0.918625480725882,0.951921764692672,0.920490885181454,0.980336661000463,0.932340721193734,0.940919738121809,0.930822024869547,0.924429086031284,0.907142724187196,0.942633194501305,0.893344319103623,0.922873478333682,1,0.893726072316157,0.901362094229711
"RetailArea",0.95377737649248,0.951504939504139,0.934147373626178,0.908329366840709,0.994265972531713,0.990781266765173,1,0.993001958328231,1,1,0.989800188899942,0.986415150405814,0.967146458952889,0.993749128786269,0.981381439187732,0.885609147916123,0.872802224834504,0.911705419876837,0.94381358244852,0.920189476709103,0.925581404355431,0.99470433604196,0.979678978522044,0.926193321593409,0.955665985729506,0.951721763575691,0.968260835610198,0.934725997061723,0.967114687841052,0.950157308685419,1,0.871324251480492,0.85098255597119
"GarageArea",0.959568642192735,0.963949403746355,0.940187715417718,0.892193608132275,0.994226628972472,0.976556780116131,0.993001958328231,1,1,0.995036435445364,0.991027620414446,0.987938441906577,1,1,0.994981307544315,0.930073793601884,0.939351228018465,0.913718789999143,0.962488779966651,1,0.957844296189269,0.993286220724453,0.982348574993155,0.948670545691753,0.90684000425923,0.979813190436179,0.926827195415708,0.928865465188077,0.963206847696289,0.960094880130545,1,0.756823504805073,0.850412421264902
"StrgeArea",0.965033807020845,0.952604044406535,0.875195879173032,0.850269718617874,1,0.978930300867441,1,1,1,0.99815789000256,1,0.973809867595025,0.968282340906989,1,1,0.905362340488543,0.911473721664495,0.881073924922352,0.954628572888373,0.958412125203707,0.952557097998301,0.997454749959492,0.990675013560465,0.870238602737614,0.982845398321785,0.987732853972114,0.907234500402297,0.919271263255716,0.94793848478267,0.906875222215108,1,0.858026595227933,0.887698747740007
"FactryArea",0.975927885308694,0.96288780469663,0.928595034471989,0.900467703607293,1,1,1,0.995036435445364,0.99815789000256,1,0.991733976092304,0.975689814098575,0.972866416176473,1,1,0.938834099753954,0.931337166658228,0.931592930769841,0.970276729344328,1,0.946690275281748,1,0.981083980839109,0.938518185304203,0.99207032592814,0.991090744426965,0.959845134226268,0.944720825347391,0.921442158541231,0.884712202909768,1,0.895009146197064,0.785871933314093
"OtherArea",0.960288181983158,0.935746270987843,0.947107139801993,1,0.991846261648763,0.985638846991062,0.989800188899942,0.991027620414446,1,0.991733976092304,1,0.977110499955028,0.900438354940343,0.991114294484231,1,0.907778431595453,0.90739943662224,0.931127448211101,0.948044385181591,0.938587069769229,0.951063030670233,0.942912895512202,0.939415673488777,0.939297288093598,0.942356917056646,0.961557104284492,1,0.917883374524808,0.921573449930163,0.907539468282595,0.986281992705396,0.860910329597184,0.881040003735999
"NumBldgs",0.922623678375577,0.923511254859192,0.874405325367424,0.954211391222647,0.866125458151246,0.981901960828539,0.986415150405814,0.987938441906577,0.973809867595025,0.975689814098575,0.977110499955028,1,0.958463792152669,0.86110552820148,0.868647319699765,0.897180023359447,0.876693811600467,0.831300165860061,0.852287807006757,0.921490446819163,0.885660760329931,0.91644530665124,0.862817126067688,0.828539732146779,0.840552249857004,0.909149169921875,0.89863297940699,0.898155633968406,0.936410499329895,0.878458930589926,0.76283503000738,0.870248924945734,0.874132957778189
"NumFloors",0.961474711016945,0.966729869596452,0.905520914496295,0.858307000966318,0.886789726227936,0.918176529410782,0.967146458952889,1,0.968282340906989,0.972866416176473,0.900438354940343,0.958463792152669,1,0.955761191146903,0.970416158998863,0.866691283902656,0.908637240306162,0.821314167524805,0.797546732007503,0.975260758742901,0.953517018500973,0.976437212067136,0.939847247207236,0.837544068256519,0.980468225224236,0.981696638976532,0.893770741438234,0.947100564819617,0.973270529461813,0.967587678537084,0.788068989114957,0.708087130249672,0.725991905655457
"UnitsRes",0.968077357019723,1,0.89242303563335,0.967925552046209,0.967387068942371,0.988492757743511,0.993749128786269,1,1,1,0.991114294484231,0.86110552820148,0.955761191146903,1,1,0.878488458707083,0.896956338907984,0.918019331246473,0.961285822480359,1,0.899796025039376,1,0.970122356881215,0.879321987046364,0.89199818785415,0.9048386338498,0.867199844847846,0.893864043516816,0.919057542929558,0.930886632514563,0.734642252129493,0.811184668836956,0.835316639463247
"UnitsTotal",0.973398542709495,0.961845501222718,0.919545210704949,0.920895402251658,0.894635664839216,1,0.981381439187732,0.994981307544315,1,1,1,0.868647319699765,0.970416158998863,1,1,0.844943078100754,0.922588340695887,0.78019965388549,0.973857747641757,0.970297027360726,0.962844524011302,0.98656673356407,0.981677421042678,0.981679064805286,0.987296818991612,0.986699717275082,0.970757298052511,0.92867658733225,0.956080434865196,0.955789952848437,0.795233945654386,0.783853180948631,0.778091633445642
"LotFront",0.922773425551901,0.918519992446934,0.907558049976692,0.923674532932732,0.863779893169915,0.923261118515467,0.885609147916123,0.930073793601884,0.905362340488543,0.938834099753954,0.907778431595453,0.897180023359447,0.866691283902656,0.878488458707083,0.844943078100754,1,0.93579583577113,0.871302691953359,0.883349990204816,0.926830020853341,0.929831114972872,0.951119373061772,0.903292391464229,0.893758686371701,0.888518170155067,0.885165668276243,0.84554528264545,0.909741133129887,0.899160850064929,0.90038992375644,0.972540611260965,0.785793969668186,0.785443468297814
"LotDepth",0.898948076850075,0.900097840592979,0.910675584054909,0.907519218321781,0.867324287672495,0.867746255721119,0.872802224834504,0.939351228018465,0.911473721664495,0.931337166658228,0.90739943662224,0.876693811600467,0.908637240306162,0.896956338907984,0.922588340695887,0.93579583577113,1,0.893765255378697,0.907581913198518,0.9053667625486,0.920441284695551,0.908670434945954,0.901109726094852,0.892288912006031,0.853567683980866,0.824125007176193,0.892213562712035,0.919813212992723,0.900164433062117,0.916994260662691,0.891770698364101,0.76747310761327,0.79791131198653
"BldgFront",0.89257466426297,0.888739875955142,0.878663182624798,0.91709549698617,0.933902293188668,0.87497375320678,0.911705419876837,0.913718789999143,0.881073924922352,0.931592930769841,0.931127448211101,0.831300165860061,0.821314167524805,0.918019331246473,0.78019965388549,0.871302691953359,0.893765255378697,1,0.799131909211823,0.90014414651392,0.901474323168305,0.924537843330137,0.914054610095743,0.712326358898697,0.858853193964168,0.863270450556601,0.745547068730232,0.886581484750104,0.870960250947076,0.901557851780239,0.818192128104311,0.766178276086478,0.762068713643197
"BldgDepth",0.94333967504183,0.968914110842571,0.850966802696593,0.914675434308079,0.946063406575868,0.918625480725882,0.94381358244852,0.962488779966651,0.954628572888373,0.970276729344328,0.948044385181591,0.852287807006757,0.797546732007503,0.961285822480359,0.973857747641757,0.883349990204816,0.907581913198518,0.799131909211823,1,0.955151134785768,0.967499255233362,0.987034914532281,0.97637963701732,0.864599481395587,0.95950746290147,0.978542192365887,0.964413669292716,0.944650814903359,0.9697113033348,0.965245623306267,0.938688163825635,0.693403125754307,0.644605652883738
"AssessLand",0.964682304348531,0.919708513529739,0.886433689028923,0.857376022042488,1,0.951921764692672,0.920189476709103,1,0.958412125203707,1,0.938587069769229,0.921490446819163,0.975260758742901,1,0.970297027360726,0.926830020853341,0.9053667625486,0.90014414651392,0.955151134785768,1,0.941308056181864,0.980676709084047,0.873033773490464,0.946468924411898,0.867206940534378,0.977480145177512,0.992302482790291,0.900534349811176,0.937466209282736,0.914996234356561,1,0.834796627318423,0.889054619639361
"AssessTot",0.950117267675868,0.953833422551664,0.87535711451968,0.909624580455089,0.868631851682476,0.920490885181454,0.925581404355431,0.957844296189269,0.952557097998301,0.946690275281748,0.951063030670233,0.885660760329931,0.953517018500973,0.899796025039376,0.962844524011302,0.929831114972872,0.920441284695551,0.901474323168305,0.967499255233362,0.941308056181864,1,0.953806885134749,0.953775626031212,0.964690953990801,0.974881159720232,0.960623702855084,0.960820229219832,0.939397300474058,0.959978265826608,0.944137308605185,1,0.806649871648876,0.825341039057093
"ExemptLand",0.974198034980515,0.91653067462284,0.957558443020205,0.896816997345152,0.993658573433075,0.980336661000463,0.99470433604196,0.993286220724453,0.997454749959492,1,0.942912895512202,0.91644530665124,0.976437212067136,1,0.98656673356407,0.951119373061772,0.908670434945954,0.924537843330137,0.987034914532281,0.980676709084047,0.953806885134749,1,0.947560125905276,0.95518473364542,0.984226778644067,0.981882054817132,0.994884192137581,0.930909577281453,0.914842255177526,0.9293927871628,1,0.830652065971765,0.90735088285775
"ExemptTot",0.947212648738309,0.947330062272329,0.940448154767731,0.894258423209957,0.97284680721322,0.932340721193734,0.979678978522044,0.982348574993155,0.990675013560465,0.981083980839109,0.939415673488777,0.862817126067688,0.939847247207236,0.970122356881215,0.981677421042678,0.903292391464229,0.901109726094852,0.914054610095743,0.97637963701732,0.873033773490464,0.953775626031212,0.947560125905276,1,0.923774835998435,0.925428636876522,0.952833056489792,0.951403029908281,0.934698778354695,0.961850046309133,0.960534788253415,1,0.831587376655918,0.853140122679556
"YearBuilt",0.919924674352862,0.931728036822534,0.771194815955731,0.878652718082249,0.877387946711566,0.940919738121809,0.926193321593409,0.948670545691753,0.870238602737614,0.938518185304203,0.939297288093598,0.828539732146779,0.837544068256519,0.879321987046364,0.981679064805286,0.893758686371701,0.892288912006031,0.712326358898697,0.864599481395587,0.946468924411898,0.964690953990801,0.95518473364542,0.923774835998435,1,0.992434119547322,0.992219337263603,0.90059551797311,0.96774961329099,0.970629130448762,0.970666224586933,0.852715363483538,0.631840356568033,0.670522926110692
"YearAlter1",0.897409566059469,0.949501391016669,0.855870967099986,0.876554648052052,0.833822677373073,0.930822024869547,0.955665985729506,0.90684000425923,0.982845398321785,0.99207032592814,0.942356917056646,0.840552249857004,0.980468225224236,0.89199818785415,0.987296818991612,0.888518170155067,0.853567683980866,0.858853193964168,0.95950746290147,0.867206940534378,0.974881159720232,0.984226778644067,0.925428636876522,0.992434119547322,1,1,0.887847860652542,0.959433866259042,0.917649267743909,0.852692937944281,0.941192,0.792259292271937,0.797460433820699
"YearAlter2",0.951862926010334,0.973091573841938,0.89461545205185,0.90577258922419,0.909149169921875,0.924429086031284,0.951721763575691,0.979813190436179,0.987732853972114,0.991090744426965,0.961557104284492,0.909149169921875,0.981696638976532,0.9048386338498,0.986699717275082,0.885165668276243,0.824125007176193,0.863270450556601,0.978542192365887,0.977480145177512,0.960623702855084,0.981882054817132,0.952833056489792,0.992219337263603,1,1,0.992117120882445,1,1,0.721442419891472,1,0.921776062545554,0.875154105366976
"BuiltFAR",0.936065001257023,1,0.771806734338445,0.89182518259749,0.839678702516943,0.907142724187196,0.968260835610198,0.926827195415708,0.907234500402297,0.959845134226268,1,0.89863297940699,0.893770741438234,0.867199844847846,0.970757298052511,0.84554528264545,0.892213562712035,0.745547068730232,0.964413669292716,0.992302482790291,0.960820229219832,0.994884192137581,0.951403029908281,0.90059551797311,0.887847860652542,0.992117120882445,1,0.943549759003998,0.97021609029256,0.972392989939909,0.828978490135515,0.736255627033587,0.746858696537921
"ResidFAR",0.84499706307544,0.938493464362261,0.889592022951273,0.91277136074378,0.922612119448165,0.942633194501305,0.934725997061723,0.928865465188077,0.919271263255716,0.944720825347391,0.917883374524808,0.898155633968406,0.947100564819617,0.893864043516816,0.92867658733225,0.909741133129887,0.919813212992723,0.886581484750104,0.944650814903359,0.900534349811176,0.939397300474058,0.930909577281453,0.934698778354695,0.96774961329099,0.959433866259042,1,0.943549759003998,1,0.884275800245111,1,0.948286382314666,0.759961369666599,0.804357
"CommFAR",0.989829564956335,0.959460225484496,0.939877665348078,0.937820335639313,0.921258785977655,0.893344319103623,0.967114687841052,0.963206847696289,0.94793848478267,0.921442158541231,0.921573449930163,0.936410499329895,0.973270529461813,0.919057542929558,0.956080434865196,0.899160850064929,0.900164433062117,0.870960250947076,0.9697113033348,0.937466209282736,0.959978265826608,0.914842255177526,0.961850046309133,0.970629130448762,0.917649267743909,1,0.97021609029256,0.884275800245111,1,1,1,0.867274614131889,0.87808829380695
"FacilFAR",0.984313842661902,0.94433617100166,0.901007739904923,0.923559678756824,0.93850247576463,0.922873478333682,0.950157308685419,0.960094880130545,0.906875222215108,0.884712202909768,0.907539468282595,0.878458930589926,0.967587678537084,0.930886632514563,0.955789952848437,0.90038992375644,0.916994260662691,0.901557851780239,0.965245623306267,0.914996234356561,0.944137308605185,0.9293927871628,0.960534788253415,0.970666224586933,0.852692937944281,0.721442419891472,0.972392989939909,1,1,1,0.935896016396893,0.878713128932253,0.894564169424551
"CondoNo",1,1,0.741672993471541,0.977927931784717,0.758960073553425,1,1,1,1,1,0.986281992705396,0.76283503000738,0.788068989114957,0.734642252129493,0.795233945654386,0.972540611260965,0.891770698364101,0.818192128104311,0.938688163825635,1,1,1,1,0.852715363483538,0.941192,1,0.828978490135515,0.948286382314666,1,0.935896016396893,1,0.889612052551686,0.796918689299325
"XCoord",0.910377922443271,0.910855783560056,0.862622817834939,0.865984154473921,0.855742319075053,0.893726072316157,0.871324251480492,0.756823504805073,0.858026595227933,0.895009146197064,0.860910329597184,0.870248924945734,0.708087130249672,0.811184668836956,0.783853180948631,0.785793969668186,0.76747310761327,0.766178276086478,0.693403125754307,0.834796627318423,0.806649871648876,0.830652065971765,0.831587376655918,0.631840356568033,0.792259292271937,0.921776062545554,0.736255627033587,0.759961369666599,0.867274614131889,0.878713128932253,0.889612052551686,1,0.626567685234132
"YCoord",0.921377599808977,0.917141418799329,0.849417624152732,0.86436580543569,0.842409348436307,0.901362094229711,0.85098255597119,0.850412421264902,0.887698747740007,0.785871933314093,0.881040003735999,0.874132957778189,0.725991905655457,0.835316639463247,0.778091633445642,0.785443468297814,0.79791131198653,0.762068713643197,0.644605652883738,0.889054619639361,0.825341039057093,0.90735088285775,0.853140122679556,0.670522926110692,0.797460433820699,0.875154105366976,0.746858696537921,0.804357,0.87808829380695,0.894564169424551,0.796918689299325,0.626567685234132,1
